This file is just here for sample results.

DEJONG 1
SEEDSTART 1
RUNS 30
POPSIZE 100
GENCOUNT 150
PCROSS 0.6
PMUT 0.001
USECHC 0

[0.99970009 0.999001   0.99314728 0.98405826 0.99950025 0.9718173
 0.99800399 0.99661152 0.99621439 0.98328417 0.99492588 0.97876089
 0.98629056 0.99157164 0.99661152 0.98241478 0.99502488 0.99700897
 0.95229026 0.99147333 0.99068754 0.99920064 0.98814229 0.99661152
 0.98231827 0.95120327 0.9938382  0.97713504 0.99029511 0.96525097]

DEJONG 2
SEEDSTART 1
RUNS 30
POPSIZE 100
GENCOUNT 150
PCROSS 0.6
PMUT 0.002
USECHC 0

[0.70865176 0.6475891  0.98555775 0.99687197 0.73621314 0.75542011
 0.97781777 0.80159687 0.93002922 0.96921383 0.91919363 0.95688194
 0.96001172 0.99308976 0.67973404 0.9972098  0.89987665 0.99360516
 0.97003648 0.97908404 0.92438515 0.87234458 0.8468196  0.83689292
 0.98869422 0.98057199 0.9676084  0.9764859  0.9814308  0.86913171]

DEJONG 3
SEEDSTART 1
RUNS 30
POPSIZE 100
GENCOUNT 150
PCROSS 0.6
PMUT 0.001
USECHC 0

[52. 53. 51. 51. 53. 53. 53. 51. 53. 53. 54. 53. 51. 51. 53. 51. 51. 50.
 52. 52. 52. 51. 52. 50. 52. 51. 53. 52. 51. 51.]

DEJONG 4
SEEDSTART 1
RUNS 30
POPSIZE 200
GENCOUNT 150
PCROSS 0.6
PMUT 0.002
USECHC 0

[0.10294373 0.0968564  0.10547364 0.10743274 0.11258236 0.11716802
 0.11133677 0.12229777 0.10593047 0.10321747 0.11023982 0.09907753
 0.09991112 0.11326906 0.11558527 0.10765274 0.09317684 0.12733982
 0.10667042 0.10016209 0.11793308 0.10884318 0.08616625 0.10580794
 0.10528138 0.1034631  0.10034881 0.10173433 0.10171329 0.10266858]

DEJONG 5
SEEDSTART 1
RUNS 30
POPSIZE 100
GENCOUNT 150
PCROSS 0.6
PMUT 0.001
USECHC 0

[1.00199085 0.33474675 1.00171877 0.82762177 1.00197244 0.99991297
 1.00121533 1.00199356 0.82504295 0.33460774 1.00199175 0.50030495
 0.25199953 0.50065113 0.25199423 0.16518119 0.16850567 1.00198139
 0.79182364 0.33533354 0.76590756 0.25197141 1.00162141 0.09289563
 0.07330816 0.49535501 1.00200015 1.00166173 1.00168413 0.99760605]

DEJONG 1
SEEDSTART 1
RUNS 30
POPSIZE 100
GENCOUNT 150
PCROSS 0.9
PMUT 0.05
USECHC 1

[1.         1.         0.99980004 0.99990001 0.99990001 1.
 0.99990001 0.99990001 0.99990001 0.99990001 0.99980004 0.99990001
 0.99990001 0.99990001 1.         0.99990001 0.99990001 0.99980004
 0.99980004 0.99970009 0.99990001 1.         1.         0.99970009
 0.99990001 0.99970009 0.99990001 0.99970009 0.99990001 0.99980004]

DEJONG 2
SEEDSTART 1
RUNS 30
POPSIZE 100
GENCOUNT 150
PCROSS 0.9
PMUT 0.05
USECHC 1

[1.         0.99997494 0.99921196 0.99911025 0.9990944  0.99985395
 0.99998397 0.9998002  0.99921196 0.99815214 0.999999   0.99997494
 0.9830605  0.99911025 0.99998397 0.99991835 0.99993559 1.
 0.98285703 0.9830605  0.92512909 0.99806733 0.92512909 0.999999
 0.99997494 0.99991835 0.9921717  0.99982817 0.99940637 0.99831168]

DEJONG 3
SEEDSTART 1
RUNS 30
POPSIZE 100
GENCOUNT 150
PCROSS 0.9
PMUT 0.05
USECHC 1

[55. 55. 55. 55. 55. 55. 55. 55. 55. 55. 55. 55. 55. 55. 55. 55. 55. 55.
 55. 55. 55. 55. 55. 55. 55. 55. 55. 55. 55. 55.]

DEJONG 4
SEEDSTART 1
RUNS 30
POPSIZE 100
GENCOUNT 300
PCROSS 0.95
PMUT 0.05
USECHC 1

[0.10449158 0.09551379 0.11033532 0.10170696 0.10768445 0.10657886
 0.11281633 0.11495596 0.10724654 0.1024745  0.10576648 0.09514937
 0.10065168 0.1093421  0.10073537 0.09848356 0.09403289 0.11163063
 0.10476021 0.11797507 0.09604084 0.11129244 0.10601794 0.11326701
 0.09576333 0.11229661 0.09982931 0.12228597 0.11648361 0.09903533]

DEJONG 5
SEEDSTART 1
RUNS 30
POPSIZE 100
GENCOUNT 150
PCROSS 0.95
PMUT 0.05
USECHC 1

[1.00200015 0.8306354  1.00200015 1.00200015 1.00200015 1.00200015
 1.00200015 1.00200015 1.00200015 1.00200015 0.8306354  1.00200015
 1.00200015 0.8306354  1.00200015 1.00200015 1.00200015 1.00200015
 1.00200015 1.00200015 0.8306354  1.00200015 0.8306354  1.00200015
 1.00200015 1.00200015 1.00200015 1.00200015 1.00200015 1.00200015]




